baseline : 1.557113626272670637e-01
scale : 2.692743153634560849e-03